memused=2047877120
diskused=115959488512
rx=10323.3101265823
tx=311.420886075949
