now=1492259877
tx=2559109
rx=63958108
ifaces=eth0
tx_max=311.420886075949
rx_max=10323.3101265823
